%YAML:1.0

image_width: 1920
image_height: 1080
FOV_H: 68
FOV_V: 41
camera_name: arm_cam_1
distortion_model: plumb_bob
camera_matrix_left:
  rows: 3
  cols: 3
  data: [7.215377e+02 ,0.000000e+00 ,6.095593e+02 ,0.000000e+00 ,0.000000e+00 ,7.215377e+02 ,1.728540e+02 ,0.000000e+00 ,0.000000e+00 ,0.000000e+00 ,1.000000e+00 ,0.000000e+00]
distortion_coefficients_left:
  rows: 1
  cols: 5
  data: [0, 0, 0, 0, 0]
camera_matrix_right:
  rows: 3
  cols: 3
  data: [7.215377e+02 ,0.000000e+00 ,6.095593e+02 ,4.485728e+01 ,0.000000e+00 ,7.215377e+02 ,1.728540e+02 ,2.163791e-01 ,0.000000e+00 ,0.000000e+00 ,1.000000e+00 ,2.745884e-03]
distortion_coefficients_right:
  rows: 1
  cols: 5
  data: [0, 0, 0, 0, 0]
extrinsic_matrix_Mrl:
  rows: 4
  cols: 4
  data: [9.999758e-01 ,-5.267463e-03, -4.552439e-03 ,5.956621e-02 ,5.251945e-03 ,9.999804e-01 ,-3.413835e-03 ,  2.900141e-04,4.570332e-03 ,3.389843e-03, 9.999838e-01, 2.577209e-03,0,0,0,1]
