%YAML:1.0

image_width: 1920
image_height: 1080
FOV_H: 68
FOV_V: 41
camera_name: arm_cam_1
distortion_model: plumb_bob
camera_matrix_left:
  rows: 3
  cols: 3
  data: [1393.75903,0,980.071763,0,1392.13906,535.740863,0,0,1]
distortion_coefficients_left:
  rows: 1
  cols: 5
  data: [-0.0569092006,0.145716997,0,0,0]
camera_matrix_right:
  rows: 3
  cols: 3
  data: [1397.76476,0,981.515973,0,1396.63258,540.26562,0,0,1]
distortion_coefficients_right:
  rows: 1
  cols: 5
  data: [-0.0768245606,0.1961437,0,0,0]
extrinsic_matrix_Mrl:
  rows: 4
  cols: 4
  data: [0.99999492,-0.00318467532,0.000136479975,-119.999386,0.00318438693,0.999992801,0.00206359144,0.194243901,-0.000143050861,-0.00206314635,0.999997861,-0.266914243,0,0,0,1]
