%YAML:1.0

image_width: 1920
image_height: 1080
FOV_H: 68
FOV_V: 41
camera_name: arm_cam_2
distortion_model: plumb_bob
camera_matrix_left:
  rows: 3
  cols: 3
  data: [1393.75903400123, 0.000000,980.071762579852, 0.000000, 1392.13906218880, 535.740862583296, 0.000000, 0.000000, 1.000000]
distortion_coefficients_left:
  rows: 1
  cols: 5
  data: [-0.0569092005603523,0.145716997380617, 0.0000, 0, 0.000000]
camera_matrix_right:
  rows: 3
  cols: 3
  data: [1397.76475965525, 0.000000, 981.515973253866, 0.000000, 1396.63257981529, 540.265620070491, 0.000000, 0.000000, 1.000000]
distortion_coefficients_right:
  rows: 1
  cols: 5
  data: [-0.0768245606342030,0.196143700396737, 0, 0, 0.000000]
extrinsic_matrix_Mrl:
  rows: 4
  cols: 4
  data: [0.999994919595264, 0.00318438692889362, -0.000143050860681219, -119.999385898316, -0.00318467531754863, 0.999992800609210, -0.00206314635197745, 0.194243900861007, 0.000136479974526504, 0.00206359144090412, 0.999997861479504, -0.266914243209310]
